935531.6100854767 1915845.1821232329 9
935531.7182453645 1915845.3825077964 9
935531.8277431655 1915845.5842559314 9
935531.9386606289 1915845.788345202 9
935532.0553288183 1915846.0033865864 9
935532.1597131037 1915846.1961452402 9
935532.2676149379 1915846.3954274126 9
935532.370872939 1915846.5867038178 9
935532.4803810308 1915846.7893063498 9
935532.5781521325 1915846.9704890528 9
935532.6997114205 1915847.195980793 9
935532.8110057478 1915847.402638735 9
935532.9520143109 1915847.664804674 9
935533.123789891 1915847.9844478234 9
935533.2467296221 1915848.2128902418 9
935533.3567109299 1915848.417696874 9
935533.4774515748 1915848.6426875063 9
935533.5799956699 1915848.833952593 9
935533.7591910022 1915849.168479379 9
935533.8841607269 1915849.4020793713 9
935534.0198964326 1915849.6559855032 9
935534.1425490736 1915849.885277605 9
935534.2765298327 1915850.1358610205 9
935534.423143937 1915850.4103191358 9
935534.5648209708 1915850.6753024366 9
935534.6923649578 1915850.9139466002 9
935534.8107473433 1915851.13548292 9
935534.9808542676 1915851.4537572581 9
935535.1029827886 1915851.6825529214 9
935535.2192804911 1915851.9005172336 9
935535.3216985753 1915852.0926345608 9
935535.4363212835 1915852.307765558 9
935535.5607305832 1915852.541234638 9
935535.678394406 1915852.7622714385 9
935535.8406218574 1915853.0669972221 9
935536.0238152723 1915853.4115941117 9
935536.1939599357 1915853.731577516 9
935536.3487615553 1915854.0230060034 9
935536.4932925536 1915854.295356539 9
935536.6985399532 1915854.6819163447 9
935536.8369981983 1915854.9426994957 9
935536.9715253956 1915855.1962203768 9
935537.0692996164 1915855.3804539668 9
935537.2479482675 1915855.717290724 9
935537.3479347256 1915855.9058305447 9
935537.5260022063 1915856.2415597914 9
935537.6780902892 1915856.5284300388 9
935537.8057710022 1915856.7693950068 9
935537.9067902005 1915856.9600257624 9
935538.1031426517 1915857.3304582215 9
935538.2770808847 1915857.65867799 9
935538.3754381255 1915857.8442631878 9
935538.5341820084 1915858.1439303968 9
935538.7005593119 1915858.4577524278 9
935538.8773367854 1915858.7910205638 9
935538.9797622162 1915858.984358345 9
935539.0901068188 1915859.1927097074 9
935539.2848814965 1915859.560310395 9
935539.393949409 1915859.766322889 9
935539.5868166628 1915860.130476412 9
935539.7503128416 1915860.4390053465 9
935539.9179763112 1915860.7554104645 9
935540.054633771 1915861.0132362803 9
935540.2114760304 1915861.3090903184 9
935540.3258793444 1915861.5249500466 9
935540.5278929799 1915861.9060891413 9
935540.6945542351 1915862.220281775 9
935540.8517699615 1915862.5168739345 9
935540.9742258885 1915862.7477493626 9
935541.1965577592 1915863.166918797 9
935541.3423653853 1915863.4418522744 9
935541.5068371681 1915863.7522271753 9
935541.6791977615 1915864.0770050113 9
935541.8566307471 1915864.4113818447 9
935542.0586578059 1915864.792155056 9
935542.164957145 1915864.9925101423 9
935542.3398196487 1915865.3219648998 9
935542.4921898023 1915865.6090836965 9
935542.662387665 1915865.929800157 9
935542.8402493702 1915866.2650380204 9
935542.9429149621 1915866.4585016463 9
935543.0431929936 1915866.647412196 9
935543.1726192005 1915866.8913336352 9
935543.3797072375 1915867.281583631 9
935543.4984722792 1915867.505322629 9
935543.6721419106 1915867.8326839195 9
935543.8561964605 1915868.1794910738 9
935544.0568477276 1915868.557801816 9
935544.1832365766 1915868.7960615838 9
935544.2857497208 1915868.9892787274 9
935544.382885576 1915869.1724039095 9
935544.4939886298 1915869.3818655997 9
935544.6140874649 1915869.6083104734 9
935544.7166787391 1915869.8016508885 9
935544.8538164408 1915870.060094491 9
935544.9500796036 1915870.2414973748 9
935545.052971903 1915870.435574762 9
935545.1860108882 1915870.6863873336 9
935545.3346958181 1915870.9666138587 9
935545.4984302773 1915871.2751465808 9
935545.6170066507 1915871.4986385265 9
935545.7221112692 1915871.696656045 9
935545.8571834356 1915871.951161844 9
935546.0051900308 1915872.2300352517 9
935546.1845589711 1915872.5681037796 9
935546.2868129658 1915872.7608286852 9
935546.4966848734 1915873.156492279 9
935546.6192265484 1915873.3874911082 9
935546.8336220811 1915873.7916467013 9
935547.0112322876 1915874.1262704218 9
935547.19239615 1915874.4679063675 9
935547.3912238645 1915874.842771281 9
935547.5004881457 1915875.0486648667 9
935547.6772426754 1915875.3821767264 9
935547.8411580629 1915875.6914445227 9
935547.9682633429 1915875.9311800522 9
935548.068394585 1915876.1200882813 9
935548.1718166376 1915876.315028301 9
935548.2995735938 1915876.555994492 9
935548.4058481473 1915876.7563491936 9
935548.5375189635 1915877.004699419 9
935548.7336275605 1915877.374395839 9
935548.9284099301 1915877.7416305726 9
935549.0234039974 1915877.920816747 9
935549.1866658279 1915878.22873182 9
935549.3126221112 1915878.4662525398 9
935549.4171416888 1915878.6634065567 9
935549.5215583815 1915878.8603148796 9
935549.6412418078 1915879.0860209742 9
935549.7432633166 1915879.2783761 9
935549.8587832957 1915879.4960840389 9
935549.9795128605 1915879.7236372186 9
935550.0840229336 1915879.920669054 9
935550.2132109578 1915880.1640985964 9
935550.4127989459 1915880.5404399696 9
935550.555161424 1915880.808973127 9
935550.7512871466 1915881.1787918576 9
935550.8633676785 1915881.3902215848 9
935551.0404042507 1915881.724104022 9
935551.22550863 1915882.0732464679 9
935551.4328347191 1915882.464476523 9
935551.5331069697 1915882.6536310588 9
935551.6578971536 1915882.8886926332 9
935551.760038729 1915883.0811716968 9
935551.9378604138 1915883.4162869146 9
935552.0441483092 1915883.6166418302 9
935552.203502409 1915883.9153424748 9
935552.3855163312 1915884.2491817798 9
935552.5788331716 1915884.5893019144 9
935552.6820612776 1915884.7652016832 9
935552.7953075725 1915884.9552940768 9
935552.9140518865 1915885.1526735811 9
935553.112838784 1915885.4804330373 9
935553.2884052994 1915885.7651127856 9
935553.427907622 1915885.9862517146 9
935553.5468399656 1915886.169844447 9
935553.6751759026 1915886.362616698 9
935553.8331252559 1915886.593078503 9
935553.9519802993 1915886.7644666855 9
935554.0817476667 1915886.949695566 9
935554.291639782 1915887.2476108822 9
935554.4969550335 1915887.5364231903 9
935554.7186872587 1915887.8423363173 9
935554.9444848513 1915888.14318849 9
935555.0684952781 1915888.3028211729 9
935555.2133444389 1915888.483285761 9
935555.3829056411 1915888.6858639864 9
935555.5212746868 1915888.8437717424 9
935555.8337793675 1915889.173577861 9
935556.1071154205 1915889.4357668583 9
935556.3952207497 1915889.6926984717 9
935556.5622721146 1915889.8329999659 9
935556.7188479991 1915889.9581253207 9
935556.9079183983 1915890.1010944818 9
935557.119273828 1915890.2506405867 9
935557.3007453125 1915890.370180945 9
935557.4988906478 1915890.4920601747 9
935557.829051724 1915890.6775367956 9
935558.1188840428 1915890.8255201096 9
935558.452915663 1915890.982380276 9
935558.8000751579 1915891.134323143 9
935559.1977598554 1915891.3000024292 9
935559.4109195208 1915891.3867300209 9
935559.7686684862 1915891.5302984198 9
935560.0793262828 1915891.65664587 9
935560.5141985615 1915891.8412196226 9
935560.7501168463 1915891.947711255 9
935560.9840000438 1915892.0589299246 9
935561.1751684712 1915892.1549495505 9
935561.3875599864 1915892.2665597459 9
935561.6113276873 1915892.38921123 9
935562.0145525644 1915892.6201440876 9
935562.3338738153 1915892.8083776839 9
935562.6675289299 1915893.0031842217 9
935563.0477485312 1915893.2176440288 9
935563.2599984852 1915893.3314485797 9
935563.6031748871 1915893.5039519286 9
935563.9212116312 1915893.6485993015 9
935564.1596881599 1915893.746711196 9
935564.5757689526 1915893.8941330416 9
935564.8291084707 1915893.96880609 9
935565.035884168 1915894.0208970846 9
935565.2544117322 1915894.0665845685 9
935565.6180787695 1915894.1218947188 9
935565.9511121103 1915894.1497499372 9
935566.3207093715 1915894.15573063 9
935566.6294487851 1915894.141831485 9
935566.8880853625 1915894.1178636116 9
935567.0983694661 1915894.0905665823 9
935567.3555790347 1915894.046196536 9
935567.5673770653 1915894.0006185183 9
935567.9792338042 1915893.8857239815 9
935568.3201645518 1915893.763725535 9
935568.638596489 1915893.6279467933 9
935568.8647156792 1915893.5187724025 9
935569.060073421 1915893.4159442587 9
935569.2778956634 1915893.293214693 9
935569.4537486861 1915893.1881248397 9
935569.8592251036 1915892.929862142 9
935570.1114682643 1915892.7614276018 9
935570.4083507226 1915892.5613618495 9
935570.7131222963 1915892.3575160862 9
935571.0319399157 1915892.1516963767 9
935571.3977133334 1915891.9295363296 9
935571.6047981328 1915891.8120060214 9
935571.8303368179 1915891.6903750359 9
935572.0139691641 1915891.5949270858 9
935572.2384725942 1915891.4823101507 9
935572.4639456387 1915891.3727594144 9
935572.6619951195 1915891.278150162 9
935572.8655674829 1915891.182042026 9
935573.1056928807 1915891.0700388195 9
935573.2984568554 1915890.9809593135 9
935573.5563408129 1915890.8627698447 9
935573.7403766298 1915890.7786773823 9
935573.9377388532 1915890.6884504347 9
935574.1446832507 1915890.5932499787 9
935574.4774495573 1915890.4365867004 9
935574.7750281738 1915890.2938876024 9
935575.111224919 1915890.132763472 9
935575.4348351179 1915889.976809286 9
935575.6274989725 1915889.8837010947 9
935576.0266451843 1915889.690137696 9
935576.2685411688 1915889.5713286921 9
935576.6676278725 1915889.3711745543 9
935576.8912315376 1915889.2585433514 9
935577.0903555602 1915889.1582155682 9
935577.3082816858 1915889.0481791 9
935577.6329708488 1915888.8838217235 9
935577.9775355487 1915888.7089184439 9
935578.3713055254 1915888.5090461255 9
935578.5783074467 1915888.4039618867 9
935578.8032935318 1915888.289766165 9
935579.232896523 1915888.0715466982 9
935579.4682064689 1915887.9517790603 9
935579.8829710616 1915887.7410124755 9
935580.0889663509 1915887.636400414 9
935580.2830268819 1915887.5377008296 9
935580.5141996818 1915887.420064212 9
935580.9040213756 1915887.2217157339 9
935581.0967797735 1915887.1236056753 9
935581.4418020947 1915886.948221513 9
935581.7253907539 1915886.803958281 9
935582.0568310065 1915886.6356808157 9
935582.3952853583 1915886.4637315033 9
935582.7866016964 1915886.2649185834 9
935582.9883835886 1915886.16243633 9
935583.2106338467 1915886.0495396038 9
935583.6279550806 1915885.8374711731 9
935583.9501202079 1915885.6735619137 9
935584.2895430666 1915885.501139819 9
935584.4879046887 1915885.4003118123 9
935584.8728018012 1915885.2046920336 9
935585.1049087426 1915885.0868261517 9
935585.2926186207 1915884.9915648615 9
935585.5385058875 1915884.8665954245 9
935585.8371560114 1915884.7147608043 9
935586.140160658 1915884.5605545456 9
935586.4773586846 1915884.3889514161 9
935586.8227025381 1915884.2163791088 9
935587.2149448945 1915884.0279536876 9
935587.4381084075 1915883.9228815606 9
935587.6743598457 1915883.8125254002 9
935587.8668494854 1915883.7227093375 9
935588.0866115106 1915883.6205120925 9
935588.4302137374 1915883.4615798974 9
935588.7811896026 1915883.3022764544 9
935588.9830180228 1915883.213218589 9
935589.1726424817 1915883.1318994374 9
935589.3710915187 1915883.0491337324 9
935589.6142527923 1915882.949381963 9
935590.0510370946 1915882.7720354167 9
935590.2493825837 1915882.6919528022 9
935590.4513271502 1915882.6119272392 9
935590.6749344153 1915882.5255332307 9
935591.0322006558 1915882.3932988436 9
935591.3828149942 1915882.2731623384 9
935591.7971973462 1915882.1425655235 9
935592.05627692 1915882.06491003 9
935592.2643249324 1915882.004018399 9
935592.4750265013 1915881.9431688327 9
935592.6900342434 1915881.8829976905 9
935593.0629759965 1915881.784326858 9
935593.5257164659 1915881.674265971 9
935593.7257046828 1915881.6300871696 9
935594.062150093 1915881.5579291964 9
935594.3138886273 1915881.5050521193 9
935594.5302864145 1915881.4601571667 9
935594.7957753844 1915881.4059116212 9
935595.205970034 1915881.3239396855 9
935595.4420864916 1915881.279357302 9
935595.8062932398 1915881.215937647 9
935596.145805018 1915881.1644518992 9
935596.5192456153 1915881.118995468 9
935596.8806502838 1915881.0884803717 9
935597.095815064 1915881.0756606185 9
935597.5268974152 1915881.05930757 9
935597.7779252126 1915881.0555986247 9
935598.0025039738 1915881.0565958193 9
935598.2326919247 1915881.062197159 9
935598.4829136104 1915881.0742177248 9
935598.9425018042 1915881.112499298 9
935599.3098509557 1915881.154932282 9
935599.6924598238 1915881.2066376142 9
935600.1042749413 1915881.2673482334 9
935600.3433506317 1915881.304086903 9
935600.7103722324 1915881.3618908818 9
935601.0330677176 1915881.4152092012 9
935601.4048302919 1915881.4813865928 9
935601.8519585332 1915881.5719449574 9
935602.0576398264 1915881.616574574 9
935602.411061014 1915881.6951526853 9
935602.6558418197 1915881.7506528776 9
935602.875200886 1915881.8033094313 9
935603.0959642517 1915881.8587950123 9
935603.4565221507 1915881.956279375 9
935603.7738705226 1915882.0514923737 9
935604.1199134294 1915882.1677838382 9
935604.4832745708 1915882.3030209132 9
935604.8805079012 1915882.4671066252 9
935605.1007255198 1915882.5671256906 9
935605.4404216964 1915882.7368891519 9
935605.7289623176 1915882.8985197314 9
935606.1204687123 1915883.1486701379 9
935606.3545557285 1915883.3196883441 9
935606.521675362 1915883.453279109 9
935606.6770481593 1915883.5879040032 9
935606.8795546266 1915883.7794113306 9
935607.1657176372 1915884.0862237918 9
935607.3108964198 1915884.2591275729 9
935607.5371924015 1915884.5564487302 9
935607.740931109 1915884.8540224868 9
935607.904785296 1915885.1137438782 9
935608.0777655332 1915885.4044843407 9
935608.213013374 1915885.640932061 9
935608.421515927 1915886.0142419515 9
935608.6029833555 1915886.345509957 9
935608.7596766889 1915886.6340397198 9
935608.8826273498 1915886.8605298526 9
935608.9899802431 1915887.0552881593 9
935609.1179689831 1915887.2829564516 9
935609.230019198 1915887.4768129527 9
935609.3363290472 1915887.6560565007 9
935609.4755471637 1915887.8864654952 9
935609.6955001116 1915888.2461671361 9
935609.8192952885 1915888.4472877397 9
935610.0191966569 1915888.7699395271 9
935610.1887116429 1915889.0420760093 9
935610.384135383 1915889.3551382262 9
935610.5869414957 1915889.6797885902 9
935610.7001097909 1915889.8608493246 9
935610.9301375665 1915890.228764863 9
935611.0610566323 1915890.4380525886 9
935611.1798750063 1915890.6283553788 9
935611.3133818738 1915890.8418332536 9
935611.4475499773 1915891.056419911 9
935611.5669743868 1915891.2474645076 9
935611.6882377296 1915891.441345018 9
935611.8329533667 1915891.6728174249 9
935611.9471659762 1915891.8553591128 9
935612.0875692508 1915892.079807267 9
935612.3181401249 1915892.4485856516 9
935612.4482149504 1915892.6567616959 9
935612.6492622476 1915892.9783333538 9
935612.8204810679 1915893.2522053157 9
935613.0211148896 1915893.5729161864 9
935613.2179127603 1915893.8873425585 9
935613.3307704671 1915894.067788204 9
935613.5621417594 1915894.437555546 9
935613.6998905374 1915894.6576904615 9
935613.8127920614 1915894.838258837 9
935613.9417197967 1915895.0442200992 9
935614.0750856536 1915895.2574516793 9
935614.1977839085 1915895.453673572 9
935614.3315080367 1915895.6673989608 9
935614.4787829049 1915895.9029390386 9
935614.5864802544 1915896.0750046242 9
935614.727476135 1915896.3005604772 9
935614.9594705376 1915896.6714359985 9
935615.0864316425 1915896.8744372923 9
935615.2851388947 1915897.1920667998 9
935615.4913275372 1915897.5217741556 9
935615.7237449664 1915897.893388584 9
935615.8644378835 1915898.1183294673 9
935615.9764190265 1915898.2972968253 9
935616.2161940216 1915898.6806210426 9
935616.4189239874 1915899.0047820783 9
935616.598817144 1915899.2924592744 9
935616.7395405626 1915899.5174006454 9
935616.8550451382 1915899.7021594152 9
935616.9979790793 1915899.9305527569 9
935617.1120674168 1915900.1146789126 9
935617.2282817416 1915900.3051844987 9
935617.4127083877 1915900.6167300425 9
935617.5198378261 1915900.8048950217 9
935617.6946674865 1915901.1194613061 9
935617.8699683589 1915901.440868922 9
935618.0463471444 1915901.7669308886 9
935618.2588933414 1915902.1637352868 9
935618.3872851558 1915902.4044675396 9
935618.5895448984 1915902.7847564272 9
935618.7008748049 1915902.9942217777 9
935618.879620758 1915903.330694096 9
935619.0426521901 1915903.6375073006 9
935619.1655636133 1915903.8688781583 9
935619.2700184976 1915904.06554307 9
935619.39388649 1915904.2986375547 9
935619.6016491667 1915904.6897525992 9
935619.7118757995 1915904.8971258977 9
935619.8905245573 1915905.2334746448 9
935620.0470163631 1915905.5279808638 9
935620.1748763503 1915905.7685826558 9
935620.2806498318 1915905.967709139 9
935620.4037327636 1915906.199326781 9
935620.5086754356 1915906.3969756942 9
935620.6076006398 1915906.5830580953 9
935620.7334217215 1915906.8199665714 9
935620.8827793587 1915907.1011801132 9
935621.054490269 1915907.4243613288 9
935621.2288878867 1915907.7527105303 9
935621.4111056036 1915908.0958276822 9
935621.5600173352 1915908.3763019568 9
935621.7429096027 1915908.7206501365 9
935621.8408172333 1915908.905007942 9
935621.9441383415 1915909.0995803217 9
935622.0616210321 1915909.3207363673 9
935622.1793057336 1915909.5421396834 9
935622.285871901 1915909.7427431317 9
935622.3906621787 1915909.9399014972 9
935622.516195548 1915910.1761952506 9
935622.6253455386 1915910.3817209888 9
935622.7496936914 1915910.6157993542 9
935622.9505032649 1915910.993746634 9
935623.0681174067 1915911.215270865 9
935623.2562363914 1915911.5695865923 9
935623.3701538759 1915911.784218364 9
935623.5519295514 1915912.1263522487 9
935623.7269217076 1915912.4556871462 9
935623.9289126281 1915912.8360938174 9
935624.0547203899 1915913.0728800565 9
935624.1617152776 1915913.2743445372 9
935624.2766922165 1915913.4909456344 9
935624.4419205175 1915913.8025529713 9
935624.5448923586 1915913.9989503182 9
935624.6959527765 1915914.2949568809 9
935624.8127056028 1915914.531843652 9
935624.9085083526 1915914.7344730853 9
935625.0321226069 1915915.0105192661 9
935625.1175990615 1915915.212618913 9
935625.275796623 1915915.609782152 9
935625.4067356656 1915915.9664863932 9
935625.5132841923 1915916.287048263 9
935625.6446486327 1915916.7434604221 9
935625.7043151233 1915916.990303249 9
935625.7583867852 1915917.2532878134 9
935625.8254222022 1915917.6973311657 9
935625.8495002341 1915917.9432437618 9
935625.8642130741 1915918.1703368146 9
935625.8722932924 1915918.4001314961 9
935625.8720375927 1915918.7631763958 9
935625.8572335773 1915919.1490549666 9
935625.8282835548 1915919.574248078 9
935625.8075436405 1915919.8072469141 9
935625.7651613998 1915920.183901933 9
935625.7192881656 1915920.5041222482 9
935625.6536490129 1915920.8727205133 9
935625.5861195984 1915921.1873501132 9
935625.5227100432 1915921.4499368172 9
935625.471251996 1915921.6494997418 9
935625.4119815817 1915921.8674878827 9
935625.3132976824 1915922.215182783 9
935625.2111437793 1915922.5652633426 9
935625.1018470859 1915922.9232848724 9
935624.9780925299 1915923.3003584782 9
935624.9094136606 1915923.4969636935 9
935624.8402487705 1915923.6847748097 9
935624.7490939007 1915923.918365923 9
935624.6005909401 1915924.2655151756 9
935624.4336011607 1915924.6106629209 9
935624.3072330669 1915924.844672114 9
935624.0980649749 1915925.187930932 9
935623.9761779429 1915925.3658758572 9
935623.7182414097 1915925.6990870899 9
935623.5556593784 1915925.882610632 9
935623.4055359835 1915926.036555546 9
935623.237004672 1915926.1936255994 9
935623.0475456031 1915926.3525605095 9
935622.6907219342 1915926.6093978344 9
935622.4775434195 1915926.7403772406 9
935622.2876257991 1915926.845000081 9
935622.041051171 1915926.9661755785 9
935621.6699685729 1915927.1212552036 9
935621.4587182916 1915927.1974722396 9
935621.1096235204 1915927.3078701335 9
935620.8011690992 1915927.3930411898 9
935620.5472088484 1915927.4580863458 9
935620.0957948916 1915927.5710114485 9
935619.8917083447 1915927.6225692881 9
935619.6863898351 1915927.676304198 9
935619.4656268916 1915927.7367501825 9
935619.2267901003 1915927.806672332 9
935618.7919102008 1915927.950001742 9
935618.4486819416 1915928.0819704805 9
935618.1072868138 1915928.2339817313 9
935617.9040658829 1915928.3353428612 9
935617.7269264908 1915928.4301615297 9
935617.5100550784 1915928.5544925942 9
935617.3322568258 1915928.6629685443 9
935617.1555840591 1915928.7764656954 9
935616.9538632365 1915928.9121419492 9
935616.7481867215 1915929.0567859598 9
935616.5734955558 1915929.1828839474 9
935616.3460820197 1915929.3506137761 9
935616.1709496435 1915929.4804878028 9
935616.0001416194 1915929.6065253108 9
935615.785897459 1915929.7628707353 9
935615.4423153354 1915930.0095451241 9
935615.2549150111 1915930.1434958451 9
935614.9547866497 1915930.3577880322 9
935614.6768419319 1915930.5549811067 9
935614.4581278253 1915930.7099133092 9
935614.2902362053 1915930.8285530182 9
935614.0631827125 1915930.9889665563 9
935613.8842747204 1915931.115485832 9
935613.7153709995 1915931.2334993305 9
935613.5247344024 1915931.3647140209 9
935613.2167787028 1915931.5709499656 9
935612.9285830623 1915931.7546789215 9
935612.6059272109 1915931.947136153 9
935612.2794582271 1915932.1251330178 9
935611.8849820214 1915932.3202348142 9
935611.6751186377 1915932.4172194817 9
935611.2347622699 1915932.6096414712 9
935611.0239399975 1915932.6983126749 9
935610.7750076022 1915932.801267832 9
935610.5874314109 1915932.8784702986 9
935610.3733799367 1915932.96684625 9
935610.1296213815 1915933.0691512192 9
935609.6774787251 1915933.268464305 9
935609.495652404 1915933.3519816108 9
935609.2974738112 1915933.444148136 9
935609.0749128731 1915933.5482535204 9
935608.7420701464 1915933.7054036942 9
935608.4415098698 1915933.8487877033 9
935608.1944021545 1915933.967025938 9
935608.0031682607 1915934.0589364483 9
935607.7601803982 1915934.1756535566 9
935607.5658026716 1915934.2691006628 9
935607.377287425 1915934.3598339334 9
935607.1756916558 1915934.456827621 9
935606.836882791 1915934.619862848 9
935606.3796129861 1915934.8409386054 9
935606.1020725822 1915934.9784638216 9
935605.8304070877 1915935.1173024923 9
935605.443657606 1915935.3186284245 9
935605.0996712549 1915935.4984221682 9
935604.7823035736 1915935.6652142014 9
935604.5568130848 1915935.7842832345 9
935604.3357780662 1915935.9013483285 9
935603.9293067084 1915936.116517491 9
935603.6040151593 1915936.2890415126 9
935603.2639099058 1915936.4693849091 9
935602.9909468098 1915936.6140606052 9
935602.6726789199 1915936.7827908988 9
935602.3210906697 1915936.9691759648 9
935601.9094296733 1915937.1874357248 9
935601.7236291508 1915937.2859001206 9
935601.411120746 1915937.452159012 9
935601.1811531809 1915937.576038403 9
935600.980595207 1915937.6864721926 9
935600.7516085805 1915937.813906098 9
935600.366645987 1915938.0290501048 9
935600.1682743893 1915938.1401287192 9
935599.7510757018 1915938.3747751836 9
935599.493132133 1915938.5202991283 9
935599.1357948409 1915938.721969247 9
935598.9208704534 1915938.8432803317 9
935598.7026306096 1915938.9663693584 9
935598.5071071783 1915939.076760918 9
935598.289988345 1915939.1993795817 9
935598.0697237465 1915939.3236568458 9
935597.8743451915 1915939.4340507034 9
935597.545743272 1915939.6195798006 9
935597.2499491143 1915939.7865917673 9
935596.9997384571 1915939.9278450904 9
935596.8120718726 1915940.0338459625 9
935596.6238657234 1915940.1402043826 9
935596.2859903924 1915940.3309559433 9
935596.0938205401 1915940.4395701631 9
935595.7478709898 1915940.6349530304 9
935595.5547478835 1915940.744040272 9
935595.3697981228 1915940.8484977782 9
935595.168755233 1915940.9620967426 9
935594.9354288966 1915941.0938550467 9
935594.7496097566 1915941.1987869046 9
935594.5401478043 1915941.316157474 9
935594.3137124071 1915941.4409470866 9
935594.117574267 1915941.546813668 9
935593.8967340825 1915941.6621733764 9
935593.6568203272 1915941.7822341006 9
935593.4715082097 1915941.8705774723 9
935593.2126048165 1915941.986676182 9
935592.8105989519 1915942.14724522 9
935592.4574845836 1915942.2711250584 9
935592.2488022316 1915942.3383523212 9
935591.863231364 1915942.4532973769 9
935591.6599251383 1915942.5104810996 9
935591.4468128473 1915942.5679975147 9
935591.2108834712 1915942.6282030712 9
935590.9493253762 1915942.6904430364 9
935590.7436581175 1915942.735386007 9
935590.5136186852 1915942.7810409402 9
935590.1593745907 1915942.84290998 9
935589.8050520353 1915942.8976998471 9
935589.5330852111 1915942.9362224005 9
935589.3227245035 1915942.9649825827 9
935589.0709808266 1915942.9984562427 9
935588.6336807086 1915943.0543714452 9
935588.4003357188 1915943.0833774568 9
935588.022789133 1915943.1280365246 9
935587.6355006335 1915943.1675378056 9
935587.4089403831 1915943.187132773 9
935586.974691275 1915943.2136863258 9
935586.7316366971 1915943.2210605722 9
935586.4963612227 1915943.2222124026 9
935586.2603876039 1915943.2168854044 9
935585.8970867713 1915943.1942859052 9
935585.5756454818 1915943.1585601924 9
935585.2050419059 1915943.1010654578 9
935584.8282238278 1915943.0266316263 9
935584.4093316573 1915942.9278564032 9
935584.1675091644 1915942.8652030982 9
935583.8124316417 1915942.7689038406 9
935583.4326895977 1915942.6595221525 9
935583.2258741127 1915942.5979118983 9
935583.0273256856 1915942.5387513232 9
935582.8104762627 1915942.473565085 9
935582.5681586361 1915942.4002870417 9
935582.3572546837 1915942.3362933472 9
935582.1357887243 1915942.2688373309 9
935581.8912430587 1915942.193693469 9
935581.4519345296 1915942.0524931457 9
935581.1006294807 1915941.9313589071 9
935580.7415346132 1915941.796433464 9
935580.5334090434 1915941.7116161296 9
935580.3465759079 1915941.6307973103 9
935580.1398902269 1915941.534775742 9
935579.9122470664 1915941.4203610437 9
935579.7235202424 1915941.3175462242 9
935579.5122849409 1915941.1931408246 9
935579.2060908055 1915940.9949864927 9
935578.8886409422 1915940.767365762 9
935578.7187469476 1915940.6370258932 9
935578.5464089805 1915940.4987151255 9
935578.3540083868 1915940.3384864475 9
935578.0202012925 1915940.04885761 9
935577.8427213714 1915939.888255282 9
935577.5773015283 1915939.6374187649 9
935577.3024070937 1915939.3626355794 9
935577.1445798132 1915939.1992939485 9
935576.999169608 1915939.0467660394 9
935576.8451262848 1915938.883606425 9
935576.675070349 1915938.7023761317 9
935576.3672116306 1915938.3713012158 9
935576.1106603513 1915938.0931478038 9
935575.8895088785 1915937.8492367107 9
935575.6412928423 1915937.5670662948 9
935575.4008077243 1915937.2809913317 9
935575.1312852274 1915936.9389309536 9
935574.9922504922 1915936.7491619373 9
935574.8440558412 1915936.5348410744 9
935574.6013807158 1915936.1547658027 9
935574.4718684859 1915935.9373241533 9
935574.3605275088 1915935.7432348325 9
935574.2289209041 1915935.5061126342 9
935574.1263782029 1915935.3172881766 9
935574.0227232253 1915935.1240528896 9
935573.8939735134 1915934.8813624517 9
935573.6917759483 1915934.4961932525 9
935573.58170263 1915934.2854054729 9
935573.4115080795 1915933.9587093634 9
935573.2311346601 1915933.6118384518 9
935573.1275401295 1915933.4126244972 9
935573.0266075523 1915933.2184561002 9
935572.926545792 1915933.025887941 9
935572.8106381757 1915932.8028043534 9
935572.7087814626 1915932.606790813 9
935572.6005718878 1915932.398717308 9
935572.4835266842 1915932.1735411265 9
935572.2685176897 1915931.75961307 9
935572.0967436812 1915931.4291088975 9
935571.921629407 1915931.0920840127 9
935571.7184323363 1915930.701163414 9
935571.6117738723 1915930.4957992323 9
935571.440411453 1915930.166033782 9
935571.2796949183 1915929.8565725712 9
935571.1588045344 1915929.6237693795 9
935571.0597812303 1915929.4332922476 9
935570.9323855924 1915929.1879385435 9
935570.8326744204 1915928.996108145 9
935570.7352574827 1915928.808463241 9
935570.6137458697 1915928.5746739355 9
935570.4130564234 1915928.1884303524 9
935570.3018362332 1915927.9744515335 9
935570.1352013012 1915927.6536694525 9
935569.9493573218 1915927.2960949396 9
935569.7495710681 1915926.9115741411 9
935569.6248658937 1915926.671632551 9
935569.5214962466 1915926.4726662314 9
935569.4244717835 1915926.2860038178 9
935569.3126056639 1915926.070672395 9
935569.1968218706 1915925.8479568788 9
935568.9850139987 1915925.440425305 9
935568.8642398153 1915925.207990055 9
935568.7636788222 1915925.0144377213 9
935568.6418223077 1915924.780032783 9
935568.4988989672 1915924.5050229377 9
935568.3181940108 1915924.1574145826 9
935568.2175301345 1915923.963616552 9
935568.0038892949 1915923.5521508607 9
935567.8278661324 1915923.2132810801 9
935567.6477881502 1915922.8665368978 9
935567.543648693 1915922.6660939814 9
935567.4515194134 1915922.4886616573 9
935567.3411185936 1915922.27616023 9
935567.2262170515 1915922.0550451332 9
935567.1243184507 1915921.8587868675 9
935567.0070388521 1915921.6332408783 9
935566.8884655181 1915921.4048676153 9
935566.78869152 1915921.2126701246 9
935566.6789576245 1915921.0013996037 9
935566.5538180335 1915920.760474865 9
935566.4533656139 1915920.5672903557 9
935566.3533629152 1915920.3748451748 9
935566.1307682014 1915919.9465190019 9
935566.0179340708 1915919.7294637752 9
935565.8420652859 1915919.3907184799 9
935565.6639613338 1915919.0479106563 9
935565.5603459087 1915918.848330281 9
935565.4648553708 1915918.664498952 9
935565.3584046025 1915918.4595041694 9
935565.2407325273 1915918.2329756964 9
935565.1405964422 1915918.0402843335 9
935565.0330538392 1915917.8331976803 9
935564.8658720438 1915917.5113086414 9
935564.7028631984 1915917.1975399442 9
935564.5295496152 1915916.8638385192 9
935564.3570496552 1915916.5317364233 9
935564.1534124102 1915916.139954633 9
935564.0327963611 1915915.9078879997 9
935563.9333081372 1915915.7164272424 9
935563.7213440501 1915915.3084050724 9
935563.5497015343 1915914.978025034 9
935563.3683810879 1915914.6293086356 9
935563.2743767889 1915914.448429666 9
935563.1683051786 1915914.2442951303 9
935563.0459380478 1915914.008661776 9
935562.9343958253 1915913.7940676962 9
935562.7349544616 1915913.4101625488 9
935562.6181455745 1915913.1852341937 9
935562.4105658977 1915912.7859458872 9
935562.190149099 1915912.3619254138 9
935562.0562385793 1915912.104387165 9
935561.8577937348 1915911.7225723816 9
935561.7506417236 1915911.5163461536 9
935561.5801863002 1915911.1883035703 9
935561.4185055537 1915910.8771186308 9
935561.3023502199 1915910.6535430034 9
935561.20075651 1915910.4577777113 9
935561.0733722419 1915910.2126682731 9
935560.9737049346 1915910.020716546 9
935560.8711527202 1915909.8233496298 9
935560.7543304601 1915909.5985430982 9
935560.5520556264 1915909.2093456113 9
935560.4394273132 1915908.9925377218 9
935560.2688804403 1915908.6642496248 9
935560.1135906273 1915908.3653693171 9
935559.8868020074 1915907.9288004565 9
935559.764615887 1915907.693536079 9
935559.6613643677 1915907.4948157107 9
935559.5578060154 1915907.295724382 9
935559.4550552133 1915907.0998187151 9
935559.2726653046 1915906.7596276994 9
935559.1097277846 1915906.4675820626 9
935558.9229455036 1915906.1453823396 9
935558.7292484156 1915905.817703545 9
935558.51058755 1915905.4515546674 9
935558.3768939546 1915905.229409502 9
935558.1508097715 1915904.8556989285 9
935558.0193662614 1915904.6390809258 9
935557.8883076564 1915904.4232012248 9
935557.7753806871 1915904.237263013 9
935557.6330466801 1915904.0030216267 9
935557.525300952 1915903.8258299043 9
935557.301352532 1915903.4574006193 9
935557.1612594937 1915903.2268557523 9
935557.0574337055 1915903.0554617322 9
935556.9343431166 1915902.84934896 9
935556.7455826004 1915902.5249212869 9
935556.5067560569 1915902.103659838 9
935556.4011667575 1915901.9162515085 9
935556.2114809448 1915901.5782634798 9
935556.0020887346 1915901.202620906 9
935555.8640223306 1915900.9541692832 9
935555.7592225109 1915900.7655531368 9
935555.6543484314 1915900.5765697127 9
935555.5405660059 1915900.3717027926 9
935555.3575103269 1915900.0419960904 9
935555.200701331 1915899.7593221315 9
935555.0221732269 1915899.437497326 9
935554.8600840312 1915899.1453431088 9
935554.7284850322 1915898.9082210637 9
935554.6239177246 1915898.7198526713 9
935554.5132622798 1915898.5205268145 9
935554.3344883453 1915898.1983320129 9
935554.1646322019 1915897.8923869592 9
935553.979765323 1915897.5552075224 9
935553.8131973927 1915897.2415044648 9
935553.7160553338 1915897.0521554733 9
935553.6049090051 1915896.8318321225 9
935553.4916253653 1915896.6046410312 9
935553.4023618666 1915896.4244473863 9
935553.2031520058 1915896.0199223163 9
935553.036994175 1915895.6798665833 9
935552.8902203876 1915895.3783145184 9
935552.7746973254 1915895.140593072 9
935552.6788476199 1915894.9433324076 9
935552.5706032726 1915894.7203703278 9
935552.4750108329 1915894.5234798423 9
935552.2870194045 1915894.1363392898 9
935552.1754710948 1915893.906490977 9
935552.0748254948 1915893.6992695988 9
935551.9762625028 1915893.4963523995 9
935551.8643464169 1915893.2658880898 9
935551.6627351255 1915892.8507080674 9
935551.498119233 1915892.5117750776 9
935551.3392901194 1915892.1845269764 9
935551.2042061987 1915891.9062244976 9
935551.0433229877 1915891.5750387716 9
935550.9333599363 1915891.348632518 9
935550.838956414 1915891.1544456123 9
935550.7327641142 1915890.9360312927 9
935550.5671115869 1915890.5953734082 9
935550.4260331274 1915890.3052607176 9
935550.3120743245 1915890.0711030348 9
935550.1240255941 1915889.6844497113 9
935550.0087425552 1915889.4474642708 9
935549.911421911 1915889.247007432 9
935549.8157227722 1915889.049871192 9
935549.606348839 1915888.6187038077 9
935549.5050783056 1915888.4100081313 9
935549.3451421034 1915888.0806679178 9
935549.129318279 1915887.6365848035 9
935548.9712058718 1915887.3180124268 9
935548.862558877 1915887.1052947615 9
935548.7389353473 1915886.8702516803 9
935548.6321783166 1915886.6707435602 9
935548.5253828255 1915886.4726992282 9
935548.4055477871 1915886.2515059584 9
935548.2977324312 1915886.0534454624 9
935548.1865593533 1915885.850206345 9
935548.0125289778 1915885.5333341805 9
935547.826558431 1915885.1957711638 9
935547.7286778318 1915885.0183697322 9
935547.6170222672 1915884.8159772018 9
935547.5128286693 1915884.6272486427 9
935547.3929965015 1915884.4102045463 9
935547.1680199127 1915884.0025863217 9
935546.9861231893 1915883.6731420748 9
935546.808763518 1915883.3518239406 9
935546.6548436201 1915883.0728567927 9
935546.4701458102 1915882.7382427522 9
935546.3661866297 1915882.5497619754 9
935546.2682221526 1915882.3723592153 9
935546.1562559172 1915882.1697176958 9
935546.0350117678 1915881.9500885212 9
935545.9282037881 1915881.756681262 9
935545.8177905455 1915881.5568711217 9
935545.6423096744 1915881.239121738 9
935545.4697937758 1915880.9267888127 9
935545.3421546833 1915880.6957091813 9
935545.2339804462 1915880.4998395985 9
935545.1165568329 1915880.2872268816 9
935545.016172334 1915880.1055145988 9
935544.9025806952 1915879.8999185194 9
935544.7784325185 1915879.6751179197 9
935544.6766017512 1915879.4906979804 9
935544.5770994762 1915879.3107081489 9
935544.4538697455 1915879.087630573 9
935544.2713098787 1915878.7570775207 9
935544.0893844996 1915878.4278768946 9
935543.932097483 1915878.1431208164 9
935543.7496271562 1915877.812813253 9
935543.645121061 1915877.6234695772 9
935543.4397749729 1915877.251918271 9
935543.3206477985 1915877.0363497562 9
935543.2118866431 1915876.8394946062 9
935543.0959168928 1915876.6297117013 9
935542.9741505829 1915876.4093420547 9
935542.8677656038 1915876.2167957372 9
935542.684521651 1915875.885011513 9
935542.5213142483 1915875.5893006336 9
935542.3823335549 1915875.337539644 9
935542.182256313 1915874.9751023175 9
935542.0703644218 1915874.7724619813 9
935541.8883895335 1915874.4430165072 9
935541.7252964231 1915874.1476735407 9
935541.543801725 1915873.8190899112 9
935541.3662514193 1915873.497768769 9
935541.1537997265 1915873.1130472778 9
935541.0212672685 1915872.8731036934 9
935540.9188590862 1915872.6878203752 9
935540.8100179192 1915872.4907198946 9
935540.7022190508 1915872.2955884663 9
935540.5219762888 1915871.9692212841 9
935540.3598816305 1915871.6758466782 9
935540.180294356 1915871.3507102183 9
935540.0295261273 1915871.0776506362 9
935539.8529190749 1915870.7579308779 9
935539.6724552914 1915870.4310720612 9
935539.4565870274 1915870.0400727242 9
935539.3545104561 1915869.855160761 9
935539.2323230169 1915869.6340522468 9
935539.0091336592 1915869.2302454056 9
935538.8295082557 1915868.9051083438 9
935538.6769716523 1915868.6290919348 9
935538.495838981 1915868.3012462507 9
935538.3160116218 1915867.9756178563 9
935538.208685318 1915867.7813481556 9
935538.1047641751 1915867.5932340955 9
935537.9844803459 1915867.375572686 9
935537.882106476 1915867.1902899146 9
935537.6655960104 1915866.7983041352 9
935537.3248861663 1915866.1802966238 9
935537.147141633 1915865.849575853 9
935537.0056686954 1915865.5756873528 9
935536.8839511686 1915865.3334745425 9
935536.7885291491 1915865.1415901415 9
935536.68115839 1915864.9247435909 9
935536.590117303 1915864.740128595 9
935536.4905515875 1915864.537195521 9
935536.4009590314 1915864.3537017847 9
935536.2874631959 1915864.1206497592 9
935536.1975107098 1915863.935563884 9
935536.0867740791 1915863.707436926 9
935535.9246162549 1915863.3730581638 9
935535.781885964 1915863.0787701881 9
935535.6186820851 1915862.742178248 9
935535.4609924664 1915862.416900774 9
935535.3682848661 1915862.2256695693 9
935535.177806998 1915861.8327540825 9
935535.067017097 1915861.6041381483 9
935534.968397012 1915861.400731932 9
935534.8731552054 1915861.20433516 9
935534.7062472088 1915860.860118448 9
935534.5633054253 1915860.56533899 9
935534.4015877874 1915860.2316994083 9
935534.2394719281 1915859.897199283 9
935534.1492356788 1915859.7108885818 9
935534.0465247221 1915859.4988751968 9
935533.9390216791 1915859.276901158 9
935533.8447402534 1915859.082228076 9
935533.7555291208 1915858.8980081887 9
935533.6534717145 1915858.6873475313 9
935533.4946845685 1915858.3598560658 9
935533.3446642027 1915858.0504424493 9
935533.1841698217 1915857.7193849583 9
935533.0204381443 1915857.3816863603 9
935532.9259619454 1915857.18847459 9
935532.7339791948 1915856.8033453836 9
935532.6203714359 1915856.5762712178 9
935532.5224349478 1915856.3804419013 9
935532.4085936411 1915856.153486068 9
935532.3120964972 1915855.961462596 9
935532.2179658626 1915855.774357968 9
935532.1067843564 1915855.553545955 9
935531.9375449353 1915855.2178346182 9
935531.7895045001 1915854.9241946763 9
935531.6706897089 1915854.6886176802 9
935531.5716334108 1915854.4921604497 9
935531.4558225324 1915854.2626106972 9
935531.3522346782 1915854.0590037091 9
935531.2525990206 1915853.8660762568 9
935531.141963142 1915853.6560118194 9
935531.047276824 1915853.4773186755 9
935530.8307242945 1915853.0689797974 9
935530.6554480108 1915852.7400066315 9
935530.5038433243 1915852.4566830157 9
935530.3274586141 1915852.1273261807 9
935530.16280215 1915851.820121235 9
935530.0600179493 1915851.6284862417 9
935529.9558656394 1915851.4341448315 9
935529.8373706505 1915851.2132168948 9
935529.628138027 1915850.8229329314 9
935529.5030443138 1915850.5896970755 9
935529.4046922943 1915850.4063085667 9
935529.1878462638 1915850.0018701034 9
935529.0162775748 1915849.681986167 9
935528.8637152514 1915849.397427044 9
935528.6858536899 1915849.0657281717 9
935528.5175138558 1915848.751875049 9
935528.41486971 1915848.560486343 9
935528.3126486242 1915848.3697145118 9
935528.1937649428 1915848.1479261834 9
935528.0462826879 1915847.8727221133 9
935527.8852276175 1915847.5721640512 9
935527.7071974879 1915847.2398523425 9
935527.55353859 1915846.953079242 9
935527.4382353352 1915846.7379374637 9
935527.3296365183 1915846.5354713814 9
935527.2022366888 1915846.3000023756 9
935527.0474498472 1915846.0190689915 9
935526.896777693 1915845.7510143183 9
935526.7610684428 1915845.510776335 9
935526.6581839104 1915845.328658348 9
935526.5374653412 1915845.1156273296 9
935526.4325397272 1915844.931036321 9
935526.3217488155 1915844.7363456204 9
935526.2101489308 1915844.540543795 9
935526.0854293742 1915844.3218358278 9
935525.8578772687 1915843.9229632306 9
935525.6734842771 1915843.5995811233 9
935525.4965561965 1915843.289496935 9
935525.394722182 1915843.1109345627 9
935525.2767110695 1915842.904048124 9
935525.1438548309 1915842.6711773584 9
935525.040119085 1915842.4892899487 9
935524.824984456 1915842.1120920314 9
935524.6339244266 1915841.777133125 9
935524.4770083341 1915841.5021456205 9
935524.29197505 1915841.177777103 9
935524.1299310906 1915840.894043959 9
935524.0003404008 1915840.6672045873 9
935523.7742793018 1915840.2712844263 9
935523.6646043892 1915840.0792961484 9
935523.5545770047 1915839.8864480513 9
935523.4496250116 1915839.702588829 9
935523.2115623404 1915839.2856107485 9
935523.09811878 1915839.0868509056 9
935522.909072843 1915838.7557069592 9
935522.7475496656 1915838.4724702036 9
935522.5610319297 1915838.1456374936 9
935522.3849060605 1915837.8370304285 9
935522.2765788755 1915837.647260111 9
935522.0413502284 1915837.2352082864 9
935521.9373166783 1915837.0530720898 9
935521.8304639033 1915836.8658878454 9
935521.7189573136 1915836.6705756388 9
935521.5359847931 1915836.350144854 9
935521.3701549724 1915836.0598839438 9
935521.1836819797 1915835.7332960137 9
935521.027512339 1915835.459784747 9
935520.8404834069 1915835.1322117394 9
935520.6812232169 1915834.853282021 9
935520.4376911387 1915834.4268206954 9
935520.3119923149 1915834.2066328141 9
935520.2026966136 1915834.0152607178 9
935519.9785160884 1915833.6224212062 9
935519.7904929608 1915833.2930019437 9
935519.6368820565 1915833.020507505 9
935519.5078696436 1915832.786477348 9
935519.4089251008 1915832.6021031921 9
935519.3140053287 1915832.419379266 9
935519.1983645413 1915832.1878796956 9
935519.0992443836 1915831.9787300138 9
935519.002356199 1915831.7614394855 9
935518.9216052224 1915831.5671029303 9
935518.8408756781 1915831.3570244296 9
935518.7684651028 1915831.150860826 9
935518.6344874895 1915830.6967260758 9
935518.5844257305 1915830.4864015009 9
935518.511576955 1915830.1140217085 9
935518.4655307248 1915829.8113816392 9
935518.4247981865 1915829.455497284 9
935518.3974527468 1915829.131431734 9
935518.3802227126 1915828.8643940024 9
935518.361191334 1915828.4513759932 9
935518.3553838583 1915828.205020907 9
935518.3540576359 1915827.977896067 9
935518.3566779373 1915827.758887979 9
935518.370122151 1915827.386777743 9
935518.3899137111 1915827.0494255524 9
935518.417323703 1915826.6741197612 9
935518.4441744857 1915826.3366354036 9
935518.4627365705 1915826.115561381 9
935518.481724519 1915825.897056806 9
935518.503771054 1915825.6489466398 9
935518.5424396083 1915825.2213450281 9
935518.5624677447 1915825.001758643 9
935518.5963298108 1915824.631558486 9
935518.6402400678 1915824.152663977 9
935518.6600350185 1915823.9368569243 9
935518.6959796242 1915823.5704728079 9
935518.7194139162 1915823.3544793786 9
935518.7724908005 1915822.933695948 9
935518.8108980643 1915822.6788892276 9
935518.8506762157 1915822.4489990154 9
935518.9002069744 1915822.1991279116 9
935518.9970561902 1915821.793072148 9
935519.0627392387 1915821.5582230953 9
935519.1758307983 1915821.1978211503 9
935519.2766067199 1915820.905928686 9
935519.4023114395 1915820.5664723197 9
935519.5378073409 1915820.2187508638 9
935519.6205546474 1915820.0166331378 9
935519.7034977806 1915819.8220845752 9
935519.7925288596 1915819.6225071186 9
935519.8971602283 1915819.3992584345 9
935519.9983911173 1915819.1949930307 9
935520.1070139222 1915818.988038035 9
935520.2295762276 1915818.7692227084 9
935520.4719591954 1915818.3775551186 9
935520.6180481882 1915818.1608211824 9
935520.7448220409 1915817.981245277 9
935520.8981005079 1915817.772435428 9
935521.1552540865 1915817.4370152152 9
935521.3108438844 1915817.238980927 9
935521.5250452708 1915816.969876106 9
935521.7201469464 1915816.727315839 9
935521.9565644773 1915816.4353768576 9
935522.1547160434 1915816.1915225682 9
935522.3908844461 1915815.90116607 9
935522.612016334 1915815.6292423073 9
935522.8835188855 1915815.2957580045 9
935523.0254649882 1915815.121303923 9
935523.1856284402 1915814.9244404295 9
935523.3286108603 1915814.7489044734 9
935523.5027799321 1915814.5349342688 9
935523.7784259709 1915814.2007834446 9
935523.9151978303 1915814.0393048988 9
935524.1714932387 1915813.7464606685 9
935524.3770545255 1915813.5228593112 9
935524.6384924962 1915813.2559676406 9
935524.9076359353 1915813.0028658286 9
935525.2452211934 1915812.7137508076 9
935525.412325956 1915812.5800885132 9
935525.6074058838 1915812.4305172088 9
935525.9888777368 1915812.1527147293 9
935526.1972174416 1915812.0071366357 9
935526.5514529609 1915811.7635598618 9
935526.929592362 1915811.507914604 9
935527.1487449303 1915811.3607994409 9
935527.4772839707 1915811.1407338555 9
935527.6454982405 1915811.0279568268 9
935527.9074087914 1915810.8524755253 9
935528.15544038 1915810.6861707806 9
935528.4153862235 1915810.511878667 9
935528.6572814799 1915810.3496257835 9
935528.9299853082 1915810.16650544 9
935529.2624272404 1915809.9433288528 9
935529.5212978295 1915809.769507827 9
935529.7484647041 1915809.6171502362 9
935529.9384928274 1915809.491295329 9
935530.1588671496 1915809.3492028927 9
935530.4757015215 1915809.1544567132 9
935530.7310830372 1915809.0041327889 9
935530.9622730606 1915808.8690456557 9
935531.1561873949 1915808.7548455035 9
935531.410658463 1915808.6053613827 9
935531.586565321 1915808.5022248772 9
935531.7980102292 1915808.378417916 9
